sozysozbot検閲済み:
003
004
005
006
007
008
009
010
011
012
013
014
015
016
017
018
019
020
021
022
023
024
025
026
027
028
029
030
(031は幻字表)
032
033
034
035
036
037
038
039
040
041
042
043
044
045
046
047
048
049
050
051
052
053
054
055
056
057
058
059
060
061
062
063
064
065
066
067
068
069
070
071
072
073
074
075
076
077
078
079
080
(081はテンスとアスペクトの表)
(082は法副詞の表)
083
084
085
086
087
088
089
090
(091は代詞の表)
092
093
094
095
096
097
098
099
100
101
102
103
104
105
106
107
108
109（表は未解決）
110
111
112（表は未解決）
113
114
115
116（表は未解決）
117
118
119
120
121
122
123
124
125
126
127
128
129
130
131
132

136

165

200
201
202
203
204
205
206
207
208
209
210
211
212
213
214
215
216
217
218
219
220
221
222
223
224
225
226
227
228
229
230
231
232
233
234
235
236
237
238
239
240
241
242
243
244
245
246
247
248
249
250
251
252
253
254
255
256
257
258
259
260
261
262
263
264
265
266
267
268
269
